19 18
0 10
0 12
1 13
1 14
2 15
3 7
3 10
3 15
4 5
4 11
5 6
6 13
7 14
7 18
8 18
9 14
11 16
16 17

15 14
0 1
0 5
1 12
2 3
3 13
4 5
5 6
6 13
7 12
8 10
8 12
9 12
10 11
12 14

20 19
0 7
1 5
1 17
1 18
1 19
2 5
2 12
3 5
3 7
4 5
4 11
5 14
6 18
8 10
8 15
8 16
9 15
13 18
16 18

17 16
0 1
0 8
0 10
1 3
1 7
2 5
2 14
4 16
6 13
8 11
9 10
9 16
10 12
10 15
11 13
13 14

18 17
0 11
1 10
1 13
2 11
2 12
3 9
3 14
4 13
4 15
5 13
6 11
6 17
7 8
7 16
8 12
12 14
15 17

21 20
0 7
0 12
0 13
1 6
2 13
2 19
3 7
3 8
3 14
4 9
4 11
4 12
5 18
5 20
6 16
9 10
9 18
15 17
16 20
17 20

20 19
0 12
0 13
1 3
2 3
2 8
4 19
5 7
5 10
5 19
6 13
6 17
7 8
8 14
9 14
10 17
11 14
13 18
14 15
16 19

19 18
0 17
1 4
1 5
1 13
1 15
1 17
2 8
2 14
3 5
4 7
5 16
6 12
6 14
9 10
10 11
10 18
11 14
14 17

20 19
0 1
0 4
0 9
0 13
0 18
1 5
2 5
2 19
3 9
4 11
5 7
5 14
6 9
6 16
8 15
9 10
12 16
15 19
16 17

20 19
0 1
0 7
0 10
1 11
1 12
1 19
2 9
2 13
3 6
3 14
4 6
4 8
4 15
4 18
5 13
6 16
12 17
13 16
16 19

0 0
